-583
-657
-333
468
178
-696
-250
-260
235
-358
509
736
943
680
233
-836
-966
-794
-103
-560
-849
-946
658
10
-198
-989
830
292
-222
-304
214
-472
814
-853
-437
-281
994
230
-417
967
-301
-650
-496
-116
-149
-643
834
-863
239
621
109
54
-60
-610
-224
833
877
950
-39
59
-746
-598
53
824
443
123
-402
-402
-971
-552
934
-531
-139
130
43
379
554
-96
333
-88
555
-586
-948
-132
443
-121
50
-895
-406
-539
599
627
-615
487
977
-544
-208
-512
48
-775
-649
-51
263
-458
-467
-524
581
-214
287
299
-776
-810
309
-210
58
584
754
427
191
-367
-514
-104
-620
259
558
-776
599
-736
-469
681
-702
-623
-421
810
532
246
-39
-656
-562
-676
-661
108
246
949
-490
-89
70
293
-479
31
404
740
-489
815
-182
-629
-785
474
-470
-137
-243
591
356
-778
-612
692
-811
-79
-680
-603
312
-145
806
-763
-373
-312
-905
401
-596
744
-806
-982
884
525
-443
-763
32
277
357
933
871
-111
-504
824
-160
831
-992
-907
-823
428
-789
-738
-994
645
-414
923
840
-570
932
-154
-758
-422
535
810
566
114
-806
645
-983
190
-467
-120
460
-499
-543
196
-255
-583
472
-149
931
-600
-828
-722
-801
600
637
741
-405
725
567
-707
-618
-912
-900
-595
136
-349
169
-16
-120
-531
-401
935
-115
-617
-724
-16
175
-146
-629
633
-375
-503
-90
-760
-319
282
713
850
351
-361
-272
249
488
468
8
-858
-738
-442
661
-347
-901
623
719
-699
-25
493
273
-573
-643
649
-403
-303
-70
-349
823
-839
363
150
631
-2
304
-733
-930
183
-655
-699
-320
-803
113
-725
-972
-480
17
59
855
767
-456
-439
439
-527
-369
-31
602
-114
-246
-684
-19
760
272
558
-241
768
897
-773
-318
271
-397
-674
343
-422
-658
772
-945
661
-157
333
-468
-290
-345
-409
-297
282
-44
626
134
377
754
-30
-865
217
802
264
770
76
57
-589
-673
406
-722
-320
277
-116
601
-463
462
-890
409
-103
573
-411
-386
-141
-82
-779
-344
-673
753
-318
-929
-135
-279
-326
-787
919
140
428
-536
-771
953
189
-244
147
815
-957
780
85
-357
-383
904
-643
-142
-297
-786
166
-376
-373
-825
183
322
-596
-153
29
597
985
-111
-927
403
415
32
-628
933
430
-713
-91
98
-172
-989
-547
-574
-612
-605
-38
574
685
494
-662
532
-213
826
700
509
478
-542
508
304
713
69
-570
146
213
922
50
-680
-847
-9
47
821
839
422
-549
817
94
811
862
458
254
983
970
288
-541
-716
-969
284
-575
527
373
-185
-116
-880
588
260
83
532
-754
-146
-408
-897
-209
983
-235
-870
-339
502
116
-805
103
555
715
-549
685
-33
-646
843
-515
-76
-895
418
473
779
-768
521
290
441
-127
-495
-781
-305
-558
978
-982
386
385
996
946
593
794
964
884
463
-42
418
877
323
150
-834
759
261
210
486
675
-724
206
-882
-563
444
-982
-19
0
-312
-392
-915
-497
-358
811
-381
680
390
181
650
547
-914
963
887
464
288
-268
-468
454
-571
20
330
371
317
-39
-621
-181
-432
-962
-668
-107
-892
207
-238
675
-837
490
597
-229
614
-712
-604
-915
633
540
106
-866
476
-304
337
322
-378
402
-959
230
-157
369
-366
129
-570
288
-68
978
-845
566
-537
354
-83
-298
-985
-855
-329
-159
472
-107
-133
589
-683
609
-818
351
-907
-243
-668
-443
202
938
-30
-495
-169
-791
-558
-540
142
-397
-283
-277
261
-240
925
573
-47
256
-353
776
-491
258
103
-155
3
-630
128
965
433
-193
-638
-979
-864
-41
499
-336
-214
-454
327
583
-936
-856
602
181
595
-983
-234
-449
732
827
-698
738
508
370
-533
-873
-859
-316
-533
-980
854
166
815
668
-837
30
909
-656
-817
782
-146
770
-702
-497
55
647
-479
-607
73
-815
-89
-396
583
-419
583
-435
383
845
-555
834
-469
705
968
-824
97
-41
342
-89
106
-240
573
198
107
968
180
598
-754
543
963
-447
-220
-903
-199
361
362
-874
-30
-174
835
990
879
376
830
-827
261
-921
-822
937
720
383
-569
583
624
-19
-532
717
542
375
280
-1000
-540
812
380
4
446
642
942
-347
19
-458
-144
889
-861
396
-944
537
331
-987
325
236
96
-995
-848
-550
-632
215
-873
887
-795
304
-566
615
-78
635
-833
702
389
-486
-947
-102
-49
-8
-710
207
926
498
-667
-633
-605
19
-891
-430
753
-146
213
202
962
378
-675
-317
486
876
-578
188
-876
384
-504
-422
-843
572
363
-187
-151
-645
31
197
169
-692
461
-297
-714
-718
-88
-754
468
-213
245
899
-331
-647
-136
-97
942
-394
-865
-763
-543
-430
519
-147
-471
927
-41
61
-832
-788
-219
-556
553
735
-582
-964
-296
385
-588
-599
15
-821
802
-695
-119
-85
843
172
373
-966
-856
-263
431
-397
698
834
-732
972
114
-487
226
-208
44
-633
-507
-53
868
-174
-532
563
-150
-741
-97
-569
622
-349
849
-255
-831
-543
69
-527
-553
124
924
538
547
915
635
-886
530
-247
-39
-782
-370
-771
-594
148
398
740
515
948
517
884
388
216
-881
125
943
-335
307
-441
64
757
476
46
-825
-667
884
321
-871
-957
587
-424
-322
517
653
123
694
810
529
-348
394
69
-490
-331
967
-268
-357
-624
402
650
-977
-134
636
-753
838
-136
801
92
-414
-129
242
717
-652
734
-953
-141
-218
228
757
927
711
-843
-725
-894
-20
99
-623
-302
-535
515
583
323
-112
602
803
-425
-426
896
528
317
-670
-284
-788
366
551
-803
360
319
993
-941
-518
771
-679
803
-302
637
-115
744
103
360
-206
613
455
200
-472
-678
73
-601
403
-328
-549
-339
-899
-661
-236
748
-133
-859
768
-640
-439
472
-998
133
421
850
-686
-866
985
-995
-386
-515
-238
-798
860
704
-125
675
451
645
223
-563
282
922
937
66
-131
141
-355
-545
799
859
572
401
-561
-171
-504
520
897
-25
344
-122
-122
613
-813
-221
-248
151
663
-611
430
-983
113
889
-899
551
178
-695
-515
599
667
738
-161
325
-838
370
662
451
-783
498
-418
929
335
436
-898
-939
310
-454
960
258
931
-968
-501
746
-670
445
358
-111
226
-201
-431
-52
-111
-453
-101
928
-977
741
-475
861
-319
-823
378
170
-119
-660
737
163
-442
919
419
-614
528
759
386
76
-438
-22
112
188
281
-620
318
35
-799
906
602
978
-94
-541
-619
-304
-86
-588
-97
-486
-788
92
474
784
-970
274
943
551
-400
555
-688
-216
679
572
-952
-414
850
715
-583
237
923
-956
190
939
-640
-195
822
-135
-624
771
152
-320
-887
-225
-3
305
-985
-301
702
-337
352
495
743
-336
722
776
214
-873
-255
555
-701
447
50
-592
524
-832
244
148
-67
55
953
-975
-772
36
-329
-441
-766
137
223
-759
-759
-969
-956
-257
382
539
-326
96
-225
-748
84
489
-115
586
-485
-102
577
930
-786
190
-459
-283
459
168
609
593
-966
953
-649
-39
-704
163
473
-136
-260
42
-573
252
688
-750
264
301
786
441
-161
849
-581
382
443
-125
-758
-28
-787
-913
893
-854
135
-482
-852
44
-239
-268
-190
-570
670
-733
-193
228
570
920
851
168
80
7
76
-329
-679
-299
-694
432
836
-686
846
868
12
-335
-821
118
-737
120
-235
765
-634
427
14
-23
-23
-255
-80
-285
-760
432
679
-10
744
-491
988
-976
479
632
-862
-413
579
949
-649
589
-260
981
175
454
822
610
194
-374
-938
799
-660
-808
-341
-798
554
-240
367
-297
367
-934
-615
592
853
436
200
905
315
-157
-129
132
-113
-317
446
-666
166
-512
502
345
-453
232
-764
-626
-600
433
-658
190
993
955
863
673
-960
-541
-241
-315
-187
921
-877
809
-590
-839
522
-635
-859
-465
663
-450
-386
261
616
833
-508
-486
268
700
-514
-489
-227
-92
324
-29
-863
799
4
-59
-16
622
-686
85
-378
152
933
458
964
547
600
362
-76
-26
919
-974
338
227
1000
-4
778
-651
318
-50
63
956
939
-675
-908
817
-256
997
545
-120
-899
117
314
772
66
115
-261
224
809
-782
501
728
-350
-752
966
835
-903
-213
883
-583
-202
738
-56
-671
-218
-638
-627
985
672
-931
546
89
-17
-457
-692
-228
426
224
-485
-155
-633
-501
657
458
562
353
-90
105
618
-170
-815
774
503
571
763
924
609
269
-140
-667
383
316
-44
-226
-436
975
-541
-465
-691
-665
-180
-747
-823
-823
900
-922
844
726
-801
889
944
404
37
-438
948
-146
-267
-967
721
813
937
168
-599
355
614
110
-240
-640
362
-535
690
-37
54
442
-302
-684
478
36
852
713
-770
937
-484
875
-974
194
817
-790
438
-148
482
852
718
815
-322
260
975
421
290
983
350
-9
970
-920
-518
-447
443
-182
633
41
-366
624
-484
-357
-917
-556
-765
364
483
716
-425
-781
-195
825
-932
-872
350
571
359
678
-576
463
4
312
-515
376
988
-124
729
-86
95
333
-337
477
688
808
945
-350
-8
-718
243
-88
962
-127
161
-987
-409
981
-24
-962
-42
750
-11
504
394
-348
-748
991
-184
100
-824
-826
-909
-76
-410
-499
492
-628
-550
117
-890
-815
328
802
-470
704
74
-971
-367
-978
51
-878
-675
-593
-382
150
-916
10
712
285
590
-940
465
760
-659
-651
-254
-359
-205
929
16
51
-599
-667
-355
-153
-669
244
124
-678
-717
-827
496
245
-114
-685
-251
-974
-620
-92
-14
76
789
-505
-925
-841
-198
918
896
294
-923
-28
-399
501
417
9
-468
-32
784
183
194
-823
-129
-620
663
-464
182
543
-878
-154
-422
893
880
-860
518
785
-456
-45
427
-792
478
-926
191
-614
-773
-905
-302
-731
-492
802
171
-902
-27
968
970
361
-418
90
-880
298
-967
161
720
-723
127
-279
-508
-787
-538
557
-343
-671
366
-694
-150
-285
-785
555
-967
-555
-732
-307
146
-776
-43
899
-355
109
-785
211
-25
198
84
355
-918
-593
-113
-985
50
-540
-777
969
-318
-90
-640
-475
-610
642
445
179
200
-863
442
-51
-274
192
939
-985
-295
638
-795
-584
639
251
931
148
-553
-852
753
-313
642
-143
532
-224
-71
-650
-311
724
-992
-750
-151
-393
-284
-525
-167
584
-700
27
26
696
197
-764
-629
177
622
-134
530
348
-426
-114
247
-641
-161
-873
139
-851
-682
-921
269
-139
276
778
-587
818
-903
-894
933
578
-630
-344
-127
907
-84
220
-289
-815
-701
602
-602
599
-274
-966
68
864
-172
-350
-394
-400
264
41
434
-896
-872
-397
684
370
-904
-41
-97
-632
-942
-593
-557
-552
142
-578
-592
-665
-834
-86
608
628
-100
779
352
995
-86
951
-951
221
-80
-786
-545
-419
-132
-495
-497
408
-38
-23
-159
357
602
752
3
958
-848
-797
-930
239
334
-95
-970
-1000
593
-172
655
258
519
-803
385
440
682
840
784
-871
-839
-834
525
170
681
-370
273
652
605
-690
-376
-342
-783
-555
988
-787
-470
-419
-406
619
35
415
219
-881
-820
216
338
-724
-558
-812
797
803
299
412
956
720
984
-84
905
-673
792
858
183
-142
96
555
-372
-461
-150
-156
536
469
209
544
-35
-743
-946
-527
-563
-170
79
806
-446
-641
933
-284
-694
215
-403
-901
-382
667
0
-442
858
204
-460
461
-860
960
-493
739
-861
-379
-421
-755
994
810
665
-663
-485
792
-280
-245
544
-478
-165
455
-109
894
983
222
-519
-89
-563
482
889
675
796
-382
-646
-823
329
718
251
238
-390
-179
581
-875
152
-422
-290
932
-772
-622
435
-776
144
-99
-919
-664
600
-901
988
-235
-321
-657
-688
340
-652
1
775
-395
266
625
-233
562
-245
98
-812
-737
22
-895
-285
612
962
-213
-676
862
114
-777
553
702
150
567
810
-604
664
508
476
851
-71
-641
-909
867
-621
208
-360
923
960
-575
705
-255
-599
-264
527
-974
-479
-382
239
-714
-132
492
-969
-9
-928
-13
803
928
451
-263
-724
194
-492
-781
923
-452
851
358
378
-11
914
-323
-52
804
-218
-67
-304
-290
251
534
639
-685
-103
-327
-443
787
554
997
249
701
-34
-557
670
-53
-950
-125
-935
697
-19
118
-962
511
45
-502
-584
-870
270
-698
832
778
484
-285
-592
226
-192
888
-534
-239
-983
751
113
11
752
685
166
-229
-991
898
494
-182
683
-823
245
828
-474
58
-711
630
-656
-894
-656
683
-203
870
364
504
326
-606
-599
168
-113
-318
-465
617
-33
-82
-173
160
584
132
-634
382
991
628
-587
115
774
-449
-329
-835
-902
503
-51
-534
-991
-23
503
601
541
-639
-690
-898
-932
995
90
-258
640
-247
270
447
-786
-307
-732
318
-696
203
270
382
-56
-805
103
-935
-506
544
668
502
684
42
750
-76
-588
96
-49
-511
-533
-81
-470
-435
-334
-58
-328
-948
-416
-527
-533
13
-359
290
347
473
436
479
-702
363
-644
434
74
253
-880
-157
-37
-155
265
-190
-374
847
-22
-294
-215
-521
53
390
-243
227
-135
-365
-594
-180
-614
-576
-273
71
-609
666
-92
-692
881
-470
800
516
-384
430
426
-305
-458
613
200
-230
989
131
-31
86
934
897
561
-687
477
868
211
552
791
37
553
-53
-309
-706
504
858
-120
827
-722
675
960
-875
603
518
-444
-741
91
-550
-373
-758
-880
-801
300
164
-334
-761
-924
-620
689
981
-27
-792
-483
702
715
922
-406
933
33
-273
-750
-302
-69
-221
141
564
-519
-96
270
-345
518
112
212
596
768
39
218
-486
-434
409
320
840
170
921
621
-726
-921
637
-886
413
138
-470
-241
-861
53
511
112
-701
615
854
-986
495
-478
337
-357
259
566
-231
-88
-14
-162
959
-727
574
983
299
-334
944
-608
293
-70
-611
-643
-570
-846
-859
338
465
-728
151
368
-443
402
-589
999
-964
-505
388
-209
752
-1000
842
-724
313
139
-161
635
-131
511
320
508
272
-663
413
-778
20
-411
432
542
-190
555
750
17
369
73
-313
-458
-400
28
139
-339
-473
287
97
-488
-475
944
3
-539
-443
-430
-399
-479
-772
-691
749
-871
796
-729
-679
-84
-262
571
-301
-538
33
-35
-815
-252
698
-820
632
-997
-459
-616
362
663
675
-362
-359
-82
-561
-689
-931
-734
-409
-999
619
347
-353
-285
-288
450
463
-383
-947
-535
199
-423
608
-806
-235
-177
695
-731
133
205
75
-159
-639
607
45
77
-769
-744
97
324
-692
997
-289
-244
-634
-514
836
878
-777
-586
-418
657
666
706
-257
-791
768
-246
-884
-477
-709
222
767
903
463
412
711
378
-943
485
637
15
-393
310
-81
-644
640
-44
-986
672
-471
117
-734
784
873
-796
466
-393
-60
-298
652
201
404
-43
800
940
-376
-705
601
-875
936
-376
-267
903
486
-616
-150
-986
-445
-946
-97
304
-582
55
-205
-39
-86
-263
-19
-50
543
574
-238
-148
-993
742
-128
796
-230
431
-366
994
782
367
-240
-210
-288
-907
573
215
847
763
-503
-21
447
-259
821
172
-466
-736
-661
-962
-390
461
-630
-357
537
959
773
-203
-156
-81
-804
-725
-90
-50
-566
-271
836
490
364
-942
649
-635
-878
-347
-51
867
-42
-235
617
-444
169
414
-304
880
359
-891
-926
-203
-381
270
815
792
-370
-625
-712
-828
801
-495
-328
-444
-533
-737
495
-47
-53
-732
278
554
-972
207
-295
937
-314
-135
-117
-475
-423
-346
-650
250
873
-224
425
258
487
822
24
-868
-250
403
312
707
328
-833
-187
924
970
-489
63
852
-684
833
-766
-468
199
-81
-477
-722
828
295
-252
-633
-926
878
940
713
532
-748
-869
-762
-752
196
124
279
-388
-29
184
-23
-476
561
-293
243
569
-161
-463
277
-159
-905
243
444
-873
670
291
-752
354
-630
-351
472
-755
433
-732
447
-394
900
494
-701
941
-506
-164
-883
-216
586
-613
638
241
-451
-902
-92
-912
-595
945
-992
958
30
661
-447
927
547
614
-212
310
235
-759
-725
215
522
836
716
-104
-75
894
655
260
751
51
-375
-749
396
-199
466
755
-893
550
-862
-996
-502
928
242
-656
-809
-78
342
126
402
507
793
-447
66
583
661
-227
568
-370
-46
796
710
419
-275
728
681
-577
51
987
-305
-743
-571
-83
562
818
-416
244
831
431
-508
-450
-701
-579
-878
937
-226
445
-554
-671
596
-279
-317
68
-139
492
-364
-740
574
-104
-187
764
158
-463
660
-442
577
-46
-602
-151
-268
774
26
655
153
-15
695
-733
630
-595
-441
-472
-707
736
568
-904
-659
-465
-761
397
614
293
957
-592
978
133
-972
1000
514
-145
-938
-284
905
-643
667
720
809
-149
-509
29
-140
-530
-76
48
-429
-356
385
981
786
-405
-157
-350
453
-657
-5
-429
-623
313
-573
-227
715
-308
-994
-757
-397
111
59
734
-23
-681
-197
547
685
917
-363
-974
199
816
-282
411
315
-15
935
494
112
168
-758
998
73
868
-84
-129
-366
280
-285
410
321
737
-719
-846
-260
-164
-530
-522
567
549
730
-939
-431
-735
955
158
298
46
-818
110
232
792
571
762
-979
361
-259
753
347
85
-268
782
547
714
-907
642
-206
-252
642
317
960
-59
159
217
189
-93
538
584
-911
642
687
141
316
-866
-597
-475
-828
382
-173
-673
293
721
649
265
-992
-960
434
571
-297
804
521
-353
809
697
-684
11
-319
58
-534
-366
541
-343
471
192
-265
515
-31
789
220
-459
-975
-26
-467
-547
-635
-657
-74
-262
-832
777
649
-859
-386
632
-948
435
269
674
289
-825
540
92
747
3
-756
-169
484
900
556
-364
-905
724
874
-470
991
-811
-411
347
-234
108
95
-943
429
-692
981
24
871
-697
266
401
624
624
116
72
289
-886
644
832
666
409
500
486
-274
588
830
46
-541
492
-676
934
234
-534
939
168
-790
-510
491
161
-565
-777
-15
-904
908
659
856
28
745
-803
-765
-816
-243
-947
-805
-403
784
63
789
28
-401
-935
-613
850
-725
-342
-894
-422
-475
-471
313
971
915
135
-218
-127
-14
-812
225
1
435
232
-732
589
849
-502
591
-941
926
608
325
447
936
768
-854
176
833
302
936
-33
-227
411
173
-291
-789
759
947
-942
-931
771
245
116
-330
-28
-336
-299
900
-695
-60
52
-446
-802
437
984
364
857
25
585
337
-214
942
-276
723
22
-397
-24
-24
583
944
-564
-764
-894
-509
-667
-997
446
531
-607
-766
432
-951
591
-933
-163
560
-969
397
-269
-251
-924
713
-224
-681
451
-993
645
688
-549
99
121
421
-243
-818
799
-157
954
228
-49
-346
248
297
987
-216
773
-147
300
-447
-808
-91
695
-398
-254
877
709
443
460
879
213
-435
-598
-534
-340
-544
-772
717
-901
-265
-394
887
66
748
556
-353
-20
-192
285
288
633
708
31
-850
-301
672
-734
-763
-955
-129
-479
-794
559
933
-65
-798
-239
303
-482
-480
-93
408
-489
-995
-113
707
72
715
63
95
402
245
662
-505
-929
-768
-160
100
650
-303
-730
-916
371
-773
161
37
-12
-75
6
-352
257
391
521
-596
476
107
33
106
-492
-210
-458
922
-273
-162
480
-182
550
-865
-134
81
-256
900
-360
749
705
-209
145
-567
88
-255
506
-893
289
492
886
-926
388
-43
-849
199
-458
540
619
-884
456
-826
-42
-497
-838
958
-329
-382
-15
-523
938
-292
-573
-878
540
980
846
763
138
475
-588
103
-404
320
727
312
658
-580
60
-512
-609
-431
-131
-899
-763
-937
66
-839
551
266
892
-939
716
-265
-96
305
520
-912
459
573
309
-775
-356
-127
-603
-649
555
-331
-256
-367
656
-216
-389
970
-167
-793
236
936
-869
-671
-54
136
819
-983
-195
-965
-538
-955
658
230
-38
-986
696
517
456
-933
929
932
271
771
625
-869
-359
-308
176
-690
-955
79
-362
741
-62
160
-800
644
461
-38
556
-262
644
-585
925
-75
-26
414
750
-573
782
569
-522
375
610
-402
-711
-364
-967
340
630
646
-702
790
913
279
526
973
300
509
-158
999
-410
-91
-305
606
-59
502
-48
93
-556
477
19
375
-761
-944
-858
-870
-750
551
62
226
667
-675
-287
-594
-457
-474
895
446
-617
254
-672
-781
811
-210
-421
922
477
843
-67
-637
278
-647
776
356
296
151
-477
-420
-961
957
-81
-535
-619
13
1000
-764
-460
893
-493
133
487
-790
121
716
887
555
-537
285
-304
-367
-700
-217
-978
-315
-632
744
634
-357
-252
-589
-283
118
258
793
-986
421
703
-166
-317
967
790
-299
-204
513
-498
-930
-235
801
-515
-763
-832
-386
-737
148
472
-979
74
892
-864
-682
646
322
-135
223
437
-947
705
-433
-797
244
-466
16
121
-566
-608
-153
-406
354
164
-938
482
190
103
-416
623
-502
-804
846
-864
-734
586
765
378
-242
-161
-103
532
466
741
-976
470
-3
-80
-263
-898
-15
6
-291
357
881
574
550
262
913
614
642
-238
-384
-714
823
-248
-49
-837
-870
-554
407
-231
438
-923
365
309
-826
-695
-874
945
256
-464
-126
20
-354
832
-790
-738
906
840
50
212
-557
-95
-224
606
42
-164
-846
-302
-633
-63
-305
556
-424
-179
948
-258
-553
-154
648
-263
632
440
-765
-540
-740
-853
-860
769
-803
189
-136
306
449
-893
494
795
24
-993
442
417
227
23
544
-376
726
967
537
277
581
823
827
-557
99
-458
74
-747
709
-980
715
654
927
-502
227
-295
-576
262
-723
-234
-778
853
-498
195
-729
712
-635
674
-28
-819
814
-956
-634
792
-333
741
327
281
761
-273
205
-498
-786
-496
525
-833
386
615
688
-152
877
-296
-983
-586
890
-691
614
599
-683
-72
587
596
-417
-177
402
-100
166
325
409
-693
284
353
-986
-772
918
929
-152
-698
449
-863
-137
429
-965
-682
-279
700
-223
680
925
361
-457
-867
772
797
264
544
-909
634
561
668
-128
482
-255
752
-39
423
91
-441
690
724
-853
777
-120
157
-509
841
573
-328
200
-121
178
-231
683
-190
-599
338
643
-969
385
808
85
512
920
125
-877
-54
-583
897
498
-946
15
-37
824
-815
-529
771
-33
277
991
10
-432
627
900
-829
371
-251
-713
475
-125
-736
299
580
-790
-875
-313
521
-999
-396
818
-959
-113
844
-525
761
443
-88
928
90
434
656
-422
603
151
540
-324
507
-23
-986
668
-565
479
363
-853
189
-98
-701
990
413
842
44
-856
340
256
-122
-603
821
584
-847
89
774
355
782
-389
48
841
636
142
802
-130
-298
-538
401
-154
352
51
-539
369
-403
824
-996
213
229
941
359
-410
886
-211
-445
-306
11
-896
-934
-817
230
802
155
-354
82
-507
160
-844
-80
-984
-987
-520
-849
433
-939
60
360
-140
-537
60
27
-952
250
121
-384
-411
-413
-165
-25
427
801
-886
-903
-963
-553
191
-314
-25
34
439
309
-894
-370
-496
832
-727
-762
-83
696
-797
662
940
-303
-131
3
-684
91
664
-494
443
-560
-689
-107
-165
-739
639
655
-785
-585
-110
-298
-443
-224
-807
316
409
608
109
823
-874
239
136
942
-223
-349
358
444
-357
-390
562
356
-188
699
821
342
528
-635
601
722
80
-373
-656
31
596
255
-590
347
-951
600
276
487
-639
-352
374
98
867
451
522
479
806
742
-992
395
110
191
823
-761
-885
-669
352
50
-239
833
-750
226
-866
703
-173
211
903
819
-80
-261
794
-642
-943
893
616
553
-826
109
753
830
660
-411
-132
256
-515
-994
760
601
251
504
352
686
-428
-424
740
-149
-811
360
-942
681
238
-83
-668
-180
-239
-456
804
-937
436
664
-577
-7
-148
-132
238
-618
538
-842
-879
391
336
-838
-186
-755
331
207
-278
-546
-78
199
477
245
484
-297
-869
-487
735
983
824
487
229
-937
249
-631
-147
-124
-12
-798
-492
-965
-404
192
72
810
973
-539
854
-170
-612
37
-619
-901
-270
972
-785
-391
-166
-809
-590
-648
-63
-24
-220
-187
157
625
858
-292
249
-996
484
-176
579
-732
607
693
775
690
-981
243
-469
152
-150
396
766
970
-454
-763
-921
-121
151
-745
-978
-415
871
750
61
947
488
-319
-474
-284
851
40
450
-845
766
-478
-967
182
-738
-422
941
-878
48
-873
392
-254
-860
772
748
-377
-502
505
327
-989
91
52
371
545
303
-936
-813
673
57
539
335
-835
-443
214
-573
-916
-678
553
395
797
-633
-451
-714
-545
-277
-517
-540
247
170
-624
211
357
-168
732
-260
-597
535
343
-283
-399
-650
-492
354
-368
-335
-848
-749
697
995
477
-584
545
-369
-124
-757
901
-429
-517
-921
598
821
106
407
-637
288
637
-692
532
-151
712
220
-870
-715
-525
-884
412
-796
-324
420
-284
-875
487
-981
-987
-404
-721
426
-966
762
963
463
-958
-724
-610
260
181
461
451
463
-791
339
-922
-583
-214
-280
-198
-527
-115
-529
-913
-785
-16
-629
814
961
118
194
400
862
-541
184
-297
458
-775
-700
386
236
102
660
-307
832
-259
527
56
393
-506
-933
687
-981
707
-810
-100
283
245
-60
-984
489
-699
39
-417
196
-329
528
-433
156
810
80
964
-583
-932
-510
222
533
957
-882
-276
-395
828
-203
411
843
57
766
-161
-358
-108
91
246
346
526
-575
388
-555
-681
538
760
-862
238
-763
-801
-248
-829
-128
-772
-569
456
495
-129
-875
-995
679
-405
772
-868
-469
339
-577
214
-604
-12
-238
-716
74
80
-263
-549
765
-434
-518
-780
-182
-613
-944
400
-980
-512
-874
365
-781
-504
-607
-600
-457
-303
626
410
-249
794
-375
-600
-275
311
467
-416
139
-608
-430
-494
-187
613
-246
-504
-696
779
-985
893
964
-633
-280
-920
286
59
-38
782
-982
255
468
-613
-629
-188
116
36
-244
373
-76
212
-799
766
-189
-670
844
-895
-739
-428
603
-167
176
684
281
-685
549
777
-636
-267
-992
-438
797
397
-144
-915
-990
-289
-120
-394
-781
167
595
-24
25
-900
940
-836
-432
-659
307
483
-949
-527
-293
-793
-648
615
942
-855
-694
898
-429
63
-637
87
-413
-199
-776
271
767
246
-598
270
432
-290
-702
-740
56
899
-995
-299
435
785
168
88
-105
50
122
891
472
-841
-854
149
61
-507
-483
-375
699
-150
-4
728
-4
-513
-105
-902
-122
267
396
569
627
70
-520
153
-570
308
399
-981
-609
-811
831
600
958
558
843
289
-249
-33
612
-856
224
826
236
-713
-846
-488
-154
-849
369
-973
-633
-439
-765
-887
620
749
320
906
-127
74
-35
257
-226
784
703
857
536
835
-969
244
297
-632
188
-657
537
-393
194
-354
702
-234
84
-360
441
-770
-418
617
609
-121
-123
-297
